# This file may be used to create an environment using:
# $ conda create --name <env> --file <this file>
# platform: win-64
astroid=2.6.2=py39hcbf5309_0
atomicwrites=1.4.0=pyh9f0ad1d_0
attrs=21.2.0=pyhd8ed1ab_0
ca-certificates=2021.5.30=h5b45459_0
certifi=2021.5.30=py39hcbf5309_0
colorama=0.4.4=pyh9f0ad1d_0
iniconfig=1.1.1=pyh9f0ad1d_0
isort=5.9.2=pyhd8ed1ab_0
lazy-object-proxy=1.6.0=py39hb82d6ee_0
mccabe=0.6.1=py_1
more-itertools=8.8.0=pyhd8ed1ab_0
openssl=1.1.1k=h8ffe710_0
packaging=21.0=pyhd8ed1ab_0
pip=21.1.3=pyhd8ed1ab_0
pluggy=0.13.1=py39hcbf5309_4
py=1.10.0=pyhd3deb0d_0
pygame=2.0.1=pypi_0
pylint=2.9.3=pyhd8ed1ab_0
pyparsing=2.4.7=pyh9f0ad1d_0
pytest=6.2.4=py39hcbf5309_0
python=3.9.6=h7840368_0_cpython
python_abi=3.9=2_cp39
setuptools=49.6.0=py39hcbf5309_3
sqlite=3.36.0=h8ffe710_0
toml=0.10.2=pyhd8ed1ab_0
tzdata=2021a=he74cb21_1
ucrt=10.0.20348.0=h57928b3_0
vc=14.2=hb210afc_5
vs2015_runtime=14.29.30037=h902a5da_5
wheel=0.36.2=pyhd3deb0d_0
wincertstore=0.2=py39hcbf5309_1006
wrapt=1.12.1=py39hb82d6ee_3

pygame~=2.0.1